;t0_r1;t0_r2;t0_r3;t29_r1;t29_r2;t29_r3;t7_r1;t7_r2;t7_r3;t44_g418_r1;t44_g418_r2;t44_g418_r3;t57_r1;t57_r2;t57_r3;t85_g418_r1;t85_g418_r2;t85_g418_r3;row_sum
sum_conditions;8773770.0;6836491.0;9670843.0;6408979.0;9022206.0;6190904.0;8862979.0;8317837.0;7601306.0;8095358.0;5943087.0;8419743.0;8288196.0;7938978.0;7577316.0;6754331.0;8655233.0;5221215.0;138578772.0
sum_guide_mm1;392736.0;358862.0;442949.0;320248.0;426391.0;313820.0;422184.0;411621.0;357484.0;345486.0;313672.0;383850.0;183033.0;173916.0;191342.0;304717.0;446014.0;182922.0;5971247.0
nohit_guide;305493.0;368777.0;371899.0;293803.0;358343.0;268145.0;364921.0;373090.0;286378.0;280819.0;358066.0;329427.0;132876.0;107314.0;136782.0;225494.0;269178.0;137640.0;4968445.0
col_sum;9471999.0;7564130.0;10485691.0;7023030.0;9806940.0;6772869.0;9650084.0;9102548.0;8245168.0;8721663.0;6614825.0;9133020.0;8604105.0;8220208.0;7905440.0;7284542.0;9370425.0;5541777.0;149518464.0
